   1        1     1    1 1    11 1    11     1              
  1 1      1 1    1    1 1   1 1 1   1 1    1 1             
 1   1    1   1   111111 1  1  1 1  1  1   1   1            
1111111  1111111  1    1 1 1   1 1 1   1  1     1           
1     1 1       1 1    1 11    1 11    1 1       1          

1   1   111   111  1   1   111   111     1    1    11 1    1
 1 1   1   1  1  1  1 1   1   1  1  1   1 1   1   1 1 1    1
  1   1     1 1  1   1   1     1 1  1  1   1  1  1  1 111111
 1 1   1   1  111   1 1   1   1  111  1111111 1 1   1 1    1
1   1   111   1    1   1   111   1    1     1 11    1 1    1